363.31
142.01
361.88
117.19
365.14
126.83
363.17
168.92
161.29
253.65
189.63
122.58
174.04
351.42
180.76
353.15
362.42
272.26
350.29
352.53
265.10
85.94
177.45
170.54
360.47
154.52
181.27
201.75
188.93
354.15
255.10
265.55
262.43
157.76
183.28
179.39
259.64
103.90
342.46
266.45
94.95
148.76
182.03
279.82
93.98
74.83
359.14
176.20
280.29
252.94
355.69
303.99
145.88
358.20
300.38
262.58
353.37
254.62
82.34
365.44
105.32
201.29
243.44
178.40
362.57
289.50
249.13
358.96
361.18
356.62
250.54
266.85
121.97
359.84
188.08
341.90
138.28
262.85
266.78
169.51
182.74
185.86
190.60
149.24
260.67
362.98
175.20
199.44
179.09
245.59
146.63
247.99
340.75
173.34
255.11
278.46
281.93
151.89
288.60
262.62
804.91
1460.19
944.72
1641.38
1277.24
691.27
1360.74
1506.01
854.83
1354.62
827.09
1437.28
1500.04
1532.13
1540.74
1389.90
869.17
820.68
1282.36
831.96
1635.37
1572.98
884.74
1191.46
833.40
1572.30
769.71
860.35
678.94
858.29
1430.72
977.81
1031.27
908.50
1357.87
748.90
1133.73
1373.72
1420.09
902.94
778.14
1101.84
1231.50
872.50
1030.70
1445.52
1552.94
1511.58
917.14
1427.66
918.67
1469.89
1147.45
1470.14
1337.96
1031.22
1191.31
1271.70
805.38
823.36
1328.18
628.90
1112.71
952.01
1441.41
1374.78
745.13
784.04
1609.26
580.86
735.27
935.21
935.49
1249.06
1302.38
1387.90
1525.72
816.85
734.12
766.09
1503.88
1294.50
1056.37
1637.31
1052.83
1117.99
839.81
920.97
1012.28
1464.16
1461.29
1283.12
962.39
632.82
605.03
1097.24
1006.64
712.79
717.34
955.09
1932.41
1495.04
1591.24
971.80
1499.86
2042.22
1157.41
933.28
1150.59
1633.70
1525.78
1356.88
1570.12
1070.45
1694.18
1746.51
1546.39
1175.21
1706.74
1530.62
1037.98
1390.87
1993.68
1735.80
1680.67
1365.28
1259.92
1675.72
1041.54
1673.41
676.07
1537.31
1120.31
1651.49
996.04
1729.04
1148.48
1603.76
1671.64
1537.24
1091.67
1463.73
761.13
1552.71
1741.80
1775.53
1806.16
1847.57
1543.67
1807.48
1282.94
1255.76
1790.71
1504.14
1837.84
1022.37
1426.03
877.17
1527.30
1176.01
1488.07
1688.50
1877.85
1331.11
1561.23
1788.11
1718.88
1351.56
1420.94
1898.50
1655.92
1764.79
1485.26
1249.12
939.33
927.52
1880.89
1345.38
1568.21
951.17
1885.68
1134.66
1397.42
1999.75
1500.11
1778.74
1818.15
1161.63
1694.41
1148.32
1860.13
1750.42
1915.96
1988.75
1088.70
1445.14
944.63
1900.39
1609.76
1703.24
1367.45
1071.37
1346.85
876.52
1222.39
860.51
953.27
1326.06
1371.99
1548.62
1085.30
1203.77
1078.84
1210.83
1140.73
935.53
1052.22
647.75
1020.52
1041.01
1602.65
918.92
769.03
1333.86
1389.01
1137.08
1298.24
1655.54
1099.08
966.49
459.61
598.37
655.27
1813.53
1344.00
837.02
718.18
573.23
1014.08
1134.51
593.79
914.75
1312.64
1247.24
986.26
986.90
1284.13
530.87
1000.18
1186.86
1684.11
1029.02
621.47
1182.45
588.88
640.96
1295.98
1431.51
535.95
619.78
705.95
1024.34
1792.23
1381.68
496.04
1589.91
1499.17
852.77
646.95
1153.33
1036.44
982.25
1443.09
1309.16
1383.80
1129.75
1286.03
536.66
722.23
1154.61
738.23
1099.38
1324.13
574.29
1217.31
719.28
1810.23
503.05
848.11
1361.28
633.27
1026.91
714.09
1232.89
1678.01
1151.27
1364.38
857.34
1171.41
1690.77
975.66
662.34
858.76
1084.65
813.62
561.36
970.59
1002.16
643.32
1222.17
638.70
1060.87
763.77
1043.53
743.90
729.70
1214.72
432.09
1251.69
442.96
1077.93
551.45
861.72
852.86
830.70
930.91
1157.96
795.46
483.51
1247.51
495.23
718.21
1053.47
1003.95
725.77
1489.20
961.88
889.43
729.09
876.35
1079.00
868.55
508.01
638.59
712.69
1069.71
449.19
1059.61
1158.92
605.30
266.48
288.20
334.79
663.59
1096.13
558.71
882.03
718.63
455.95
757.54
884.71
842.38
685.74
653.14
1180.09
469.08
922.72
1046.95
1124.21
353.09
729.65
831.76
1108.19
944.38
680.88
846.36
984.24
1037.10
897.76
431.57
550.47
628.51
306.95
355.56
772.28
636.14
1143.07
785.39
678.67
1118.27
510.09
446.07
398.99
774.25
391.56
371.08
982.38
771.11
830.98
742.17
782.92
759.67
572.37
308.02
925.05
291.73
842.96
528.46
750.99
471.59
694.36
671.38
575.49
473.41
335.05
721.09
735.96
1230.20
717.96
458.76
993.10
752.72
1215.08
471.77
652.30
456.47
533.30
740.29
874.57
421.65
571.22
888.33
747.48
609.39
294.41
743.33
1042.65
342.96
1081.40
538.62
790.26
894.54
637.39
202.11
461.27
420.38
1172.87
1134.57
413.88
815.90
1460.25
1260.25
1376.28
1411.95
1242.20
641.96
675.70
805.00
1130.50
1450.56
753.17
1349.04
872.23
721.42
1472.53
678.70
808.12
669.48
877.20
1377.40
680.75
722.24
966.37
1440.00
1302.30
694.67
1384.55
668.67
1229.46
727.04
654.28
1208.71
682.93
731.48
728.47
1492.01
1363.91
938.67
1100.35
1220.32
1392.38
889.88
1130.53
1432.77
691.84
1434.24
1345.30
1235.83
968.42
1281.61
1364.47
843.74
1492.53
1341.76
649.23
1454.13
916.25
723.59
812.28
1519.82
913.64
1122.40
1208.66
1445.02
1426.46
829.46
1097.34
1310.48
1375.22
769.41
1441.41
589.68
1325.39
610.91
796.70
1301.12
1282.59
834.08
1435.52
1009.60
865.74
794.28
692.95
1451.28
839.93
731.11
1403.56
1345.12
753.52
1413.93
615.51
1137.54
800.67
934.60
952.40
1238.66
746.64
1337.39
1380.78
870.00
1688.42
1846.40
1903.88
1760.11
1870.54
2007.50
1823.38
2011.95
1909.85
1902.30
1943.65
1951.82
1718.33
1964.01
1804.99
1880.00
1752.18
1829.95
1753.61
1828.86
1788.01
1704.37
1837.20
1898.95
1824.57
1925.49
1793.51
1946.29
1818.58
1913.27
1835.92
1735.74
1941.44
1997.35
1896.20
1724.24
1833.71
1883.22
1971.06
1821.77
1708.46
1877.66
1959.83
1708.23
1716.49
1977.02
1800.23
1723.57
2078.12
1984.10
1867.32
1903.95
1885.67
1849.43
2015.62
1855.72
1935.39
1862.02
1910.87
1865.16
1875.98
1849.14
1846.65
1787.37
1906.55
1864.31
1962.57
1891.12
2039.40
1842.35
2041.76
1809.65
1880.41
1949.08
1820.03
1973.45
1718.70
1892.23
1872.52
1888.39
1869.14
1742.35
1755.94
1965.62
1725.84
1701.75
1935.71
1699.95
1881.13
1918.03
1864.59
1881.92
2038.53
1719.82
1858.30
1739.82
1972.10
1936.49
1853.25
1867.01
1291.96
1214.51
882.48
1797.11
1306.79
833.29
1192.33
1394.92
602.90
1288.33
2109.44
1613.92
1770.44
1810.00
1520.05
1960.94
1700.08
1799.64
1771.31
1517.00
1465.18
2081.59
1716.22
1844.49
1577.22
1416.89
1589.26
789.94
1910.53
1523.46
1717.42
1578.62
1783.02
1085.15
1409.94
2053.25
646.66
1829.36
1674.51
437.09
1873.26
1917.30
1199.97
645.56
1320.52
1727.41
1960.83
664.94
1656.97
1497.14
1511.41
1450.01
1291.96
2051.08
1567.53
1078.13
1456.59
1926.97
1209.59
1926.52
1253.51
1087.73
646.00
119.91
1392.51
1354.36
1224.65
1994.19
1304.68
807.99
1538.04
1359.81
1382.74
474.91
1520.92
1433.55
1496.11
1561.89
620.11
1583.75
1163.88
981.83
1236.72
1744.71
605.83
1650.38
1367.99
1668.37
1084.46
1746.13
2003.54
941.05
1343.20
1430.71
1340.41
1522.51
1823.64
1247.10
1019.07
1167.14
1454.31
1869.29
1596.65
1741.28
1951.44
1792.66
1903.15
1837.97
1347.28
1648.00
1446.63
1120.64
1043.76
1418.36
1512.18
1226.49
1540.58
1360.54
1360.71
1519.72
1105.57
1550.10
1794.13
1169.86
1249.02
2023.67
1112.76
1686.81
1367.44
1863.03
563.80
1407.45
1346.16
1029.97
600.91
1150.76
1065.47
1208.77
1749.68
1183.40
788.50
1456.64
863.44
1807.03
1086.80
1946.10
1979.24
1159.06
812.50
1713.62
1644.37
1586.03
1877.50
2034.13
1494.93
726.92
1612.28
695.60
1404.42
1767.79
1837.66
837.71
632.42
1431.83
1626.78
1177.93
773.42
1599.39
1475.75
1987.73
1710.99
1934.94
1030.28
1829.74
1203.61
1476.73
1690.80
2089.25
1624.93
1705.16
979.37
1866.16
1862.79
1595.68
1626.05
1514.79
466.29
1058.86
778.03
1479.22
1998.41
1807.85
1285.30
1443.64
1177.79
1462.50
1686.14
1740.33
1384.64
1653.60
1351.86
1447.01
1894.10
1441.46
1035.60
1631.94
1414.81
1735.78
1614.74
1999.95
1510.96
1574.80
1702.00
1497.70
1721.63
2090.89
1814.83
2048.14
1694.89
1021.51
1102.37
2172.49
1908.62
1891.49
1237.07
1656.43
867.14
543.16
1458.29
1664.33
1209.65
1103.13
1274.99
1775.30
1934.12
1481.88
1758.87
1967.36
2057.49
1739.55
1364.46
1509.20
1766.42
1478.82
2083.29
1590.17
1328.12
1883.09
1788.36
1929.40
634.28
779.49
1987.70
1561.72
1746.34
2171.72
1565.32
1988.31
1613.07
2021.22
1206.38
1816.85
811.11
1494.63
1494.60
1730.24
1238.15
1566.29
924.36
1851.27
1574.42
848.19
1589.44
1818.78
714.11
1316.61
1682.98
1996.48
1843.33
1388.98
948.53
1076.11
913.89
1359.53
1428.00
836.71
1804.25
1138.80
1086.43
1812.86
1437.13
1016.72
1723.78
1322.77
1046.01
1485.17
694.37
1415.09
1306.84
1638.13
755.29
1372.12
772.77
1954.24
1533.96
1538.38
1654.18
1659.61
941.66
1841.28
1720.45
1088.58
1064.53
1568.03
1565.35
1207.74
1718.90
1700.98
1671.42
1553.28
1155.86
1682.91
809.04
1421.32
1355.71
1455.03
1252.21
1382.99
1800.21
1137.98
1506.88
1129.33
1678.92
1653.04
1378.45
586.24
1203.31
1913.83
1535.70
821.17
1849.60
1352.83
1260.77
1618.85
1482.84
1471.63
413.24
1068.53
1870.24
1662.36
969.04
1149.18
1850.15
1211.51
1491.13
1756.68
1604.66
1383.64
830.30
1774.57
1653.37
1732.08
1855.48
1374.40
1296.59
1513.02
1821.43
815.07
1627.06
1561.16
1396.49
1398.48
1859.18
691.67
1594.46
1297.72
1937.24
1882.98
1481.88
1651.88
1346.56
1991.76
1681.53
961.11
884.76
1368.50
1255.41
1359.71
1747.23
1950.33
1499.23
1237.43
1181.41
1135.54
1504.95
1266.69
1729.10
1781.32
1773.86
1325.40
1581.95
1585.11
246.75
2097.83
1373.99
1592.35
1557.76
1711.43
1856.03
955.82
746.43
1210.55
804.46
1816.68
1815.79
1875.43
501.44
1461.75
1641.02
1515.63
1592.45
1573.59
1211.92
1787.18
1094.32
1579.50
1658.21
1365.74
1895.80
1745.34
651.50
1615.95
690.32
1545.22
1766.59
1797.08
942.45
1493.92
1267.65
1019.77
1704.03
903.00
1654.57
1709.51
1681.62
2026.90
1806.26
1425.14
1252.46
1119.30
1700.15
1273.44
1393.27
1477.99
637.49
1194.61
1352.42
1071.26
1846.75
1332.61
1963.77
492.57
1810.58
1412.18
1900.76
1696.18
400.18
868.05
1768.40
514.38
1095.34
1524.79
1468.63
1675.78
1319.75
1835.20
1368.13
1774.10
763.95
1560.99
1541.61
1134.61
1358.22
1496.95
1649.32
501.03
1052.72
783.86
1506.98
1521.16
1044.74
1242.27
922.06
1196.24
1165.85
1575.97
1855.24
2009.12
1959.66
1395.22
1969.89
1791.79
989.76
1210.90
745.90
1139.25
1676.81
1135.02
1835.80
1774.18
1725.91
797.81
1690.42
1254.26
1566.88
1664.65
1956.70
1410.55
1686.29
943.92
1488.54
1286.23
1176.00
1675.12
1474.59
1683.11
1771.88
844.36
1266.49
1501.64
811.40
1580.31
1348.12
800.01
1719.30
1291.99
2046.81
1208.80
491.96
1024.98
1297.55
1902.36
1812.94
1750.05
1423.83
1357.71
1618.46
1631.18
1470.01
1367.01
1913.05
1370.03
1594.19
1478.57
1742.34
1873.04
1901.81
1782.63
1304.89
1101.01
965.92
1357.12
1591.19
1001.46
1844.79
1370.80
851.97
1459.86
1744.07
1498.94
1169.41
971.87
1516.09
1240.91
717.05
1369.61
1006.65
1419.86
1278.41
1336.13
1488.19
1069.59
1273.85
1283.86
1078.25
1476.90
1711.66
822.54
1677.72
1000.39
477.75
1237.17
871.74
1396.47
896.20
1684.26
1236.69
1414.59
1165.42
1707.36
1143.24
1535.74
1228.79
1486.93
1990.64
2000.40
1575.67
1197.37
503.59
1767.55
1594.89
1493.48
1208.04
1589.74
1759.69
1687.84
1414.42
1404.24
1123.98
2017.14
1790.11
1915.39
1178.32
1416.42
1550.97
1599.11
1558.31
634.96
1892.79
1429.46
1815.97
1482.95
891.16
1766.68
1693.46
1418.07
1918.59
1432.46
1536.53
656.00
1405.64
2137.65
1428.85
1683.04
1933.05
1651.44
1472.18
1840.43
1499.18
1625.25
1440.23
1474.03
1637.49
2023.37
884.39
749.80
1730.72
1527.35
1307.19
442.88
1414.13
785.24
1026.41
1859.47
883.02
1744.62
1667.55
1777.78
1406.86
1898.44
1353.69
1115.84
1484.10
1827.99
1558.89
1720.75
1587.11
1439.53
906.54
1550.50
1656.77
1219.75
1388.73
1728.18
1454.84
1229.22
1672.15
1354.44
1557.68
1815.73
1106.39
1889.28
1473.76
1847.28
1063.73
1894.26
1680.05
2077.79
1321.99
1052.27
1945.86
1813.87
1557.70
919.39
1295.33
1962.33
1266.98
1637.91
1435.88
410.12
1631.49
1096.02
1195.34
1456.31
2089.10
1297.53
1447.64
1756.95
1154.16
649.77
1410.80
1457.25
1499.52
1546.50
991.61
1135.58
1428.43
1425.47
1554.79
1528.86
1905.30
1521.27
1223.16
996.93
1482.63
1724.47
1608.75
1473.72
1560.83
728.91
1506.67
918.67
802.26
1331.33
1679.20
1632.50
1856.50
1297.95
1740.73
854.08
1574.70
1844.32
1105.88
1944.79
1233.24
1787.43
735.84
649.55
1593.14
1056.21
1799.43
1229.92
1877.82
1658.65
1393.00
1653.02
1161.59
890.07
1856.70
1657.68
619.35
1249.79
845.69
1171.19
945.37
1383.14
1441.06
1569.38
1841.14
674.70
871.08
585.89
1367.78
1066.44
1492.50
1031.82
2154.48
1618.75
173.45
1610.92
1315.29
688.52
1161.46
1428.71
914.32
1782.17
1762.33
1752.98
797.24
345.56
1403.86
1131.64
1524.17
1455.60
1198.42
1489.11
366.23
579.75
1696.59
1645.30
821.93
890.11
1079.35
1403.91
1439.68
1286.41
1753.32
379.37
1442.16
843.96
1465.25
1677.86
1774.75
1653.15
1648.33
1865.65
1482.26
1967.66
1210.85
1673.78
856.89
1499.69
1296.98
804.12
1578.98
1622.77
1541.49
1707.28
1526.08
1665.84
1269.73
1109.72
1340.45
1238.14
931.75
1701.24
1461.23
1459.49
1335.24
2119.85
1898.74
1808.77
373.83
1150.32
1271.53
2084.75
1428.70
1146.80
1487.26
862.57
1908.07
1629.80
2052.96
1470.03
1466.59
1091.61
2118.42
1694.03
591.19
1287.68
847.32
1369.65
1468.42
1525.39
1504.70
1633.74
1520.47
1870.17
1472.98
1012.48
1426.75
1631.57
830.06
1553.25
1751.06
1061.48
472.25
835.86
1361.82
1101.98
1592.46
1015.26
1769.43
1761.61
617.36
1511.71
1389.39
1440.64
1354.25
1198.76
1796.90
1571.97
1864.09
2118.97
1858.69
1652.28
1229.39
1148.30
1494.04
1519.92
1744.09
1596.30
641.20
1858.42
1855.46
1738.11
1618.21
1370.29
1403.70
1187.90
1115.17
1778.02
806.08
265.43
1008.08
634.92
1326.68
993.00
897.11
619.04
952.80
1473.90
1312.21
594.48
1096.30
1730.57
806.84
1795.54
1838.40
1594.67
1647.28
443.65
1251.63
1521.02
902.71
1295.92
1391.06
1275.65
1929.16
1520.75
1453.82
820.99
2016.18
1278.76
1947.38
968.19
1261.68
1175.17
1682.16
685.73
1327.63
427.94
1553.57
1722.49
1932.25
520.42
1758.17
751.30
1171.05
1024.57
1192.60
1679.38
1383.85
1308.86
1591.02
898.41
650.05
1214.48
1862.56
1780.82
1177.38
1950.73
1915.62
1672.32
1097.42
1574.88
1595.29
821.51
1649.08
1176.25
1673.94
1313.17
1399.63
1681.77
1597.76
1353.93
1718.81
1758.77
1675.93
1313.07
1135.37
1476.86
1860.67
1083.04
1667.48
1173.87
947.25
1652.76
1605.16
1911.33
1008.26
1138.93
1169.01
1068.02
1824.71
1325.20
2009.93
589.10
1465.22
1393.88
1362.58
1336.77
1822.95
1837.41
1474.74
1234.06
1245.21
1746.60
1858.40
482.05
1938.20
727.43
946.15
1801.54
1018.37
1588.90
549.11
1886.11
1753.27
1931.21
1981.30
1281.06
1576.15
1694.31
1968.33
1470.28
1496.57
956.43
835.20
1541.41
730.93
1735.72
1433.13
1414.96
2066.25
1656.80
1535.13
1509.25
1218.81
1741.02
1754.40
1890.49
727.48
1045.47
1019.21
1491.52
1880.62
1701.77
1493.77
1847.97
1643.08
1292.57
1595.50
1750.88
1764.53
1722.41
1013.09
1331.44
854.79
1681.11
1700.55
1700.25
597.40
1460.30
942.83
1137.04
1308.90
1244.52
460.28
1301.42
1302.06
1622.10
1225.17
683.73
1088.43
1654.87
606.01
735.25
1668.03
1734.02
1253.95
1801.12
1525.95
1712.40
1617.37
1556.78
1650.36
1228.90
1756.93
1575.36
1404.59
707.05
1140.77
1084.16
1318.11
725.99
1698.61
1860.26
1663.73
1432.23
1511.97
966.80
1801.61
2158.47
1493.93
1150.88
1832.43
1091.98
1382.81
1525.76
1522.03
1042.54
1184.47
1908.20
1830.43
1978.16
1466.04
1561.75
1793.02
1652.03
1953.30
1701.26
1569.90
1663.01
1465.17
1809.26
1535.53
1588.50
1287.89
1484.62
1578.12
1485.31
978.62
612.46
1589.04
1630.17
1092.41
1110.27
1120.59
1444.70
1272.61
525.00
655.52
1548.37
1727.46
1479.44
1510.83
2049.37
1918.26
1885.72
1196.26
1453.08
987.44
1137.87
1098.18
1843.75
681.72
1638.36
861.30
1712.63
1822.31
1441.15
1662.63
944.62
1596.04
1789.44
491.55
1361.41
1255.80
1539.64
1503.49
1494.74
690.06
1515.67
1528.27
170.50
850.13
1926.94
1440.13
949.04
1172.16
1768.14
649.77
802.06
1800.73
1755.58
1651.90
1770.88
2002.72
1249.29
1542.28
1176.07
1846.58
1666.35
1410.19
1530.03
1899.19
629.12
1779.41
1302.54
1513.44
1631.37
913.84
1304.53
1589.00
1472.17
886.07
1511.58
1909.71
1450.35
953.94
1448.17
1384.74
1547.32
1820.02
1792.13
551.44
193.88
850.80
1577.40
1788.62
1869.65
1583.20
1545.25
1763.18
1774.27
1613.50
692.29
1640.00
1726.61
1556.32
1749.60
1884.16
1417.38
1926.00
1418.28
1240.62
1384.54
971.95
1559.63
1686.84
1794.60
1176.22
1513.58
320.46
1923.33
1499.13
1474.73
714.31
943.64
1836.40
1586.98
1728.32
1025.85
1773.87
1321.67
965.48
1832.73
1343.46
964.76
619.57
1113.35
1927.33
1963.17
1385.38
602.86
1067.30
1116.85
1068.25
1704.27
1245.66
1460.79
1280.72
1489.02
1406.07
1772.78
820.12
1389.47
1873.77
1495.36
418.90
1930.86
1472.25
1985.29
1819.04
824.56
1238.55
638.10
1695.34
1702.50
783.93
1134.60
1740.61
504.19
1001.62
918.43
1614.23
1641.31
1980.97
975.04
1115.41
1270.21
1607.40
1858.07
762.78
1895.95
1368.53
1508.92
649.43
1614.25
1735.07
1826.43
1791.05
699.44
1547.56
1074.51
1847.83
1379.70
1637.40
1578.45
709.11
1208.51
1011.55
954.91
1455.34
1537.15
1662.58
1245.25
1401.02
1549.50
1287.16
1464.38
1393.41
1937.61
1016.51
1820.88
1632.20
1686.18
1435.17
1003.29
1398.58
1956.22
1722.83
837.81
1492.88
1641.67
1909.69
1592.55
1688.68
1802.66
1472.13
1564.30
1601.15
1789.59
1124.39
1465.65
911.66
1767.61
1815.99
507.50
1648.93
1791.66
1897.59
1512.47
1324.65
779.69
1165.90
1836.00
1125.91
1790.63
1238.96
875.92
1539.37
1541.81
1348.61
1792.62
1293.09
322.38
898.54
1781.53
1901.72
1694.60
1622.66
2084.75
1367.15
1530.12
1673.44
1577.36
1345.89
1530.32
1342.38
1611.82
1065.99
1480.17
1588.70
1090.40
781.44
595.66
1706.83
1255.02
1606.60
805.05
1206.21
1514.85
1503.36
1101.37
1248.57
1782.31
883.91
1954.29
1029.02
779.57
1751.46
1075.67
1646.01
1963.89
1045.26
1783.23
1834.19
1845.83
781.09
465.32
966.50
1446.00
1797.81
637.60
1804.51
1878.19
1348.09
1654.91
985.40
695.98
1647.91
719.23
133.52
1327.14
1725.49
1608.40
1675.18
1942.68
1649.03
1955.79
1472.84
1506.49
1422.86
1602.52
933.70
1420.81
1571.08
1766.90
1298.83
1664.14
1131.21
1640.10
1508.15
1403.24
1478.34
1095.75
1929.63
1135.27
1770.05
2135.31
700.82
1842.29
105.22
1963.81
1192.41
1748.35
1776.01
995.41
1822.85
1998.01
1600.18
1597.11
553.57
1582.56
1709.33
1589.86
1337.50
1836.64
1025.47
1862.69
1611.20
1236.73
176.47
1857.91
364.22
182.12
1272.75
856.76
1782.02
1783.24
1664.65
1881.19
1492.71
1410.77
1516.00
1171.43
911.28
1756.43
1099.26
1612.41
1322.20
1410.71
1637.20
1483.34
1556.16
753.78
1448.29
1436.05
1823.47
1057.53
593.08
1116.95
1162.66
1379.58
874.60
1631.89
1576.51
1712.65
929.27
1782.80
856.15
2003.59
1906.30
1593.40
1113.94
1422.86
794.02
1856.34
1315.11
962.24
1650.51
1049.59
857.53
508.50
1085.27
530.27
1852.12
1875.67
1584.67
1312.38
1260.60
488.97
1548.22
1774.10
1119.56
473.78
1591.67
1556.34
616.59
1399.34
794.35
1069.80
1258.75
1965.16
1017.67
440.96
1210.40
2005.20
1280.29
1860.70
1888.22
1245.43
1573.77
1885.74
1254.40
938.72
1015.96
1681.63
1205.40
1562.09
1088.45
1532.44
1911.99
1609.16
1105.63
1920.02
1825.04
1308.53
1711.42
1558.55
994.67
1853.23
1350.70
1244.49
1598.78
1793.33
1294.65
551.75
1427.49
910.17
1064.24
254.10
1606.57
1868.99
1722.70
1173.29
1359.39
1682.83
1907.22
1560.24
1261.93
1439.55
672.75
1898.99
1728.86
1082.71
1802.67
1295.09
1767.43
1832.49
1591.73
793.12
945.32
1510.54
1880.77
1336.08
1148.67
1480.35
1212.31
1296.70
1878.33
1503.70
1889.68
1527.88
914.06
1740.23
1366.48
1702.53
1026.66
1554.15
1115.37
1014.59
1465.96
1657.05
1627.20
1425.32
1880.94
1193.30
776.00
922.30
1767.57
1678.76
1598.50
1431.10
1116.23
1280.64
705.83
1878.96
907.76
1934.37
876.75
1607.24
652.82
1422.65
1206.29
870.79
353.62
1679.50
1722.41
631.02
1179.33
2129.97
1896.74
1375.24
1950.34
1421.58
1568.90
1570.31
1554.34
2134.63
1008.88
699.46
2009.32
1560.85
1487.06
1714.14
2239.39
1514.05
1628.46
1641.15
1434.92
1154.25
1330.36
1252.15
1486.88
1398.87
2050.08
1522.34
1484.92
1574.46
1456.27
1323.85
1901.57
1039.44
1412.58
1503.38
1648.89
2069.83
653.96
1213.48
1249.19
2116.61
1754.44
1062.51
1882.28
1672.68
1633.26
1794.18
929.33
862.05
1756.09
317.61
1930.09
1970.63
1981.49
1704.11
1409.24
1678.27
1554.42
1826.18
296.35
1548.74
1219.33
1232.63
1926.92
1344.01
1255.21
1550.95
1499.89
1633.00
1232.45
1474.55
1359.74
1861.89
948.94
1401.31
1093.40
1183.87
696.01
810.25
898.02
1607.97
663.61
1252.38
962.34
1648.83
1903.13
1879.45
1519.77
1946.37
1542.36
1312.05
1684.82
1860.99
1236.90
540.97
1129.95
1752.74
1643.85
1901.40
1952.70
586.41
516.88
1771.27
1029.21
1842.68
906.59
1886.46
1017.79
1522.19
1355.23
960.63
1227.88
1392.54
2010.79
1310.76
1975.82
1297.90
1510.58
1628.19
1590.17
1876.95
1740.89
1557.16
1266.06
2133.52
1060.40
774.96
1621.77
1290.69
1586.73
861.18
1304.19
1216.33
1615.40
1620.63
1865.50
1267.24
1327.48
1466.36
604.23
1722.53
1468.50
1906.06
1805.35
504.04
567.47
1640.91
1959.25
1153.98
1917.00
905.37
1272.42
1402.13
725.56
2141.37
1436.55
1069.75
1838.16
1818.11
1481.60
944.91
800.98
1648.85
1575.18
1868.44
1500.19
1633.58
1519.41
1061.31
1834.29
1681.22
1393.68
1895.08
323.48
1699.97
1310.07
1724.08
434.56
689.26
1995.72
1774.27
1257.41
947.87
1585.11
1901.27
1711.05
1375.09
1698.35
1613.82
1171.89
1625.88
1513.64
1536.32
1132.75
1305.39
970.00
1797.08
1754.47
1417.82
1901.70
2135.77
1819.04
1579.99
1609.97
745.75
860.11
1492.46
811.09
1593.50
1478.74
1917.60
1011.94
1764.54
1613.04
1617.93
1692.33
1546.44
1840.72
464.81
987.08
598.75
1365.56
789.03
1936.64
1639.89
2032.96
1635.38
1242.74
1068.78
353.20
915.47
1666.08
1543.40
1496.46
908.90
757.69
1502.18
1287.87
1532.27
1023.64
719.10
1518.63
1497.55
1775.85
906.66
1131.48
678.20
727.84
1745.49
1407.89
1832.18
1443.33
1623.22
1417.49
1869.00
1965.17
1153.48
1900.40
1552.91
1591.08
977.34
1457.98
1744.78
301.17
1879.88
1850.19
1153.54
1492.89
965.30
1760.36
1223.35
1555.95
1632.68
1453.46
615.12
1524.44
1624.19
1660.74
890.73
1040.29
1879.08
641.08
1813.29
1871.16
1079.79
1436.63
1957.19
1569.07
874.36
1785.33
1244.62
1190.83
1105.72
1784.93
909.52
1314.92
2014.53
1504.09
1201.62
1723.48
1670.47
1399.30
980.69
1561.48
1132.82
681.40
1267.79
1298.13
381.65
1562.40
372.07
1689.54
1212.52
1725.36
1646.23
1760.99
1545.28
1380.59
427.68
880.45
1713.31
1895.69
1263.26
1442.19
1839.00
1617.46
1384.00
1469.39
1121.79
1521.05
309.72
2136.39
1410.06
893.50
783.02
600.15
1894.77
1428.16
1253.08
1965.81
1897.49
1397.28
1625.52
1503.15
1088.18
1761.13
1594.09
1605.26
1626.55
1496.73
1939.28
1523.65
1636.34
1065.61
991.91
1629.49
1820.35
1475.04
1037.37
2035.42
1432.51
1647.80
1570.25
1643.22
1600.89
1245.26
1520.06
1323.00
1988.20
1233.08
1762.87
1727.84
1529.92
2114.66
1385.90
1394.16
1672.14
1493.24
1471.08
962.01
1171.44
1578.70
1341.95
1832.07
1423.42
1204.01
790.25
1142.56
1032.62
1915.44
1315.24
1172.44
1900.19
1464.11
1767.03
2148.06
1886.29
1597.29
1393.22
1655.79
1228.80
555.02
1615.87
2007.21
1848.43
1758.21
2132.59
1725.19
1860.53
1260.56
1025.15
1197.54
1669.28
1622.52
1534.90
1242.88
1706.08
1579.82
888.27
1926.52
1488.06
1960.01
2036.97
1210.71
799.30
1489.95
1888.93
1774.11
1676.28
1028.24
2009.60
1887.06
1878.66
1574.19
1509.38
2041.89
396.55
678.93
1495.22
911.79
1447.16
1182.20
1815.49
1022.70
1183.55
1220.27
1149.41
1750.45
1642.88
1382.04
1224.68
1681.11
1504.06
1562.48
975.48
1978.01
1457.86
1462.28
1323.00
1505.17
1698.14
1266.05
1135.02
411.50
949.37
1422.90
812.08
1560.24
1501.99
1576.73
2057.53
1885.10
1766.87
1294.94
1615.58
1538.97
1877.48
1418.03
1543.21
1929.20
2008.66
1378.46
1761.86
1399.13
1559.96
1871.66
1135.69
1250.38
2022.33
1830.15
1393.98
975.33
1680.46
2059.23
1717.72
1689.75
1620.17
1969.78
1002.49
1653.15
606.31
1217.68
1596.53
787.10
1435.52
1616.26
1946.38
1825.39
1629.96
1067.70
1182.23
1392.23
1976.89
1779.07
1420.39
1741.16
1463.30
1015.94
1606.33
1164.19
1428.63
1185.39
1596.90
1897.99
1869.24
2020.12
1566.02
983.28
1844.91
1169.57
1629.62
1304.59
1648.98
1229.75
948.47
1227.39
1590.00
1341.68
1573.23
1049.38
1663.69
1589.01
1681.61
2025.66
1759.52
338.91
1284.39
1134.31
1466.85
2077.64
876.02
1640.94
1774.84
1231.63
1315.85
1890.75
1898.10
1386.50
1682.88
567.89
846.84
1231.52
1463.49
1512.00
1512.64
1510.07
1507.83
1409.94
1595.40
860.80
1650.05
1857.45
1944.48
1906.72
1810.90
1608.98
911.74
961.81
1623.06
900.58
1326.35
1579.59
1627.04
1000.87
1619.44
1947.72
1066.77
1766.51
784.09
1021.81
1735.50
1264.43
1787.08
1902.48
1603.17
1023.33
1508.40
1013.92
1437.07
1571.06
1145.76
1663.53
1514.59
1140.21
893.25
1522.92
888.54
1828.47
1234.84
1237.61
1725.93
1397.87
763.74
1205.69
1566.48
914.10
573.73
714.01
313.26
1430.27
1712.08
607.53
1607.47
1611.47
1680.46
1776.37
1806.98
1863.78
811.84
1425.68
2100.51
1486.79
1605.60
1396.23
1368.18
1664.27
1415.27
1326.84
943.98
1560.56
1633.90
1632.39
1299.36
1709.59
831.53
1095.53
959.26
1458.91
1069.57
1257.91
999.89
1063.08
1442.86
1057.60
920.83
329.11
1727.42
1023.37
816.67
1885.41
789.08
2013.74
1406.24
1667.42
1810.97
1508.12
946.26
1818.10
1809.30
1824.12
764.92
1086.30
1000.42
1597.17
584.15
1575.44
1746.79
1530.17
1901.26
1103.60
1070.93
1657.93
1713.85
2020.60
1919.79
1582.66
1686.46
1641.60
637.79
1695.20
889.55
1816.59
1005.67
244.61
846.26
1337.54
1698.40
1942.15
969.96
1521.29
1346.96
923.78
1390.93
1582.28
1492.39
1591.79
1941.44
828.55
1518.12
799.63
1936.97
1114.23
1367.65
997.24
1999.86
1292.97
1302.13
1990.40
1560.35
1249.81
1858.89
1582.58
1477.99
2051.72
1764.51
1119.69
1693.92
1531.61
1611.81
1184.80
1719.67
1229.71
1524.90
1576.19
1857.41
1840.67
2190.72
2052.69
803.73
1526.28
1773.72
1554.12
630.61
727.01
1205.43
2006.61
1412.07
1541.83
1836.11
837.56
1491.91
1553.84
1710.86
542.56
1039.57
1689.88
1715.98
921.17
1147.66
1965.70
1773.11
1686.65
1689.19
1291.87
608.26
1964.46
1452.74
1222.26
2091.21
1371.60
1841.80
1250.59
1654.73
1752.40
1926.90
1847.60
884.50
1561.55
1358.29
1651.44
1922.95
1446.72
1723.16
1360.83
1671.68
934.62
791.27
1146.62
1461.60
1822.50
1075.90
1854.10
1310.15
1426.24
1523.71
1499.30
1491.35
1143.38
1922.89
1983.83
1315.05
837.40
1278.55
1317.99
2139.62
839.50
1807.78
1339.44
2121.14
1422.71
1972.64
692.73
1595.88
1333.01
1097.77
1530.10
878.62
891.16
1578.20
1216.06
1756.61
1489.53
1393.63
1668.18
1215.21
1447.75
1433.51
2210.83
1702.78
1439.31
1132.14
1078.22
1855.82
1548.58
1382.83
798.09
1426.87
1771.98
1570.15
1857.58
2037.43
787.19
1554.57
1766.04
1556.39
935.33
1960.30
650.63
1519.29
1502.13
1522.73
1262.59
816.09
1099.32
1718.79
1037.10
1568.11
1743.36
1248.63
1780.54
1349.36
1926.49
1675.27
1454.72
1673.43
306.54
1299.16
1100.25
1768.20
1726.64
565.94
1268.10
1433.42
1703.02
1950.15
1428.21
1904.83
1842.98
1006.46
1513.40
1935.84
1480.28
1491.19
1430.94
1215.62
1927.71
1418.49
1306.14
1472.21
1778.17
1340.19
735.93
1410.99
1814.96
927.99
1427.89
1623.18
1466.76
1462.64
902.73
754.46
1746.59
1682.54
1242.32
1221.88
2005.63
1488.29
1826.98
695.49
1511.70
889.73
1209.26
1448.17
923.99
914.09
1416.75
811.53
1810.12
1484.53
1361.69
1844.99
1364.27
1556.50
1569.60
1381.07
1289.39
1408.84
1560.11
1522.75
866.22
682.30
920.12
617.96
2139.35
1668.26
1262.30
1234.90
422.38
1058.14
1501.60
1357.15
1247.21
2062.95
1321.27
1400.90
1547.96
1828.53
1751.01
1779.66
1705.49
1402.11
1760.72
1795.06
1497.46
1581.00
1542.29
664.75
1690.46
1280.92
1154.93
1934.84
1827.19
1904.29
1186.98
1657.86
960.09
812.03
1783.51
1242.84
1630.95
508.08
1267.87
1727.17
1009.08
1528.43
1693.21
1890.40
177.79
1380.56
2122.80
1991.49
767.06
1345.47
1573.21
1796.55
1725.30
2047.54
1422.13
1532.59
706.14
1512.94
1025.49
866.73
1409.98
159.40
1803.88
684.99
749.05
1527.78
1381.83
2017.74
1236.53
1946.08
1886.31
784.62
1899.07
1550.92
1885.98
646.62
775.00
1648.38
1675.15
1531.05
728.01
1741.68
2075.55
1201.87
1240.91
672.92
1752.88
1774.42
1652.39
2142.35
1699.19
1611.89
577.22
1208.60
1770.88
2067.43
1729.79
1887.11
890.20
1600.73
1162.46
1991.13
1374.61
1373.70
1677.34
1725.08
800.63
1801.02
1409.91
1663.57
1742.43
1354.08
1248.06
1280.65
1970.45
732.53
935.51
1969.78
1755.69
637.36
1566.12
1463.38
1701.81
1728.79
1888.72
1461.85
869.13
1661.51
1469.79
1626.88
829.70
1217.72
1030.10
1383.56
1332.49
1342.61
1797.88
1674.78
972.85
1556.88
1539.88
1306.19
1397.79
1838.09
1743.37
1567.86
1632.82
1467.31
1996.94
1640.94
1879.62
1849.06
1214.04
1408.36
1511.48
1266.43
1728.92
1726.81
1812.18
1543.98
1637.57
1889.12
636.79
1346.33
703.05
1661.81
1630.79
1497.14
1385.04
714.10
1377.72
1424.91
1525.47
1246.48
1826.24
2004.01
1237.78
1917.70
725.91
1477.11
1029.20
1598.27
1215.66
1258.05
1664.67
1414.97
1211.03
755.00
1526.53
1342.16
1319.82
1781.13
1672.12
1529.41
1815.00
1734.36
1466.98
1475.10
1208.24
1281.27
1418.51
2031.63
896.89
976.11
1846.18
607.41
1806.64
1338.95
1465.42
1322.09
1713.53
1563.88
1898.45
1829.75
988.69
1792.47
1158.93
767.40
1378.66
891.48
1874.27
1869.56
1644.54
1254.88
1631.11
260.30
1692.25
1140.02
1099.81
1761.02
1070.09
888.64
1763.26
841.80
1347.19
1739.18
722.39
1519.73
668.24
644.47
1451.16
1741.18
1128.57
1664.98
1504.35
1135.42
1971.01
1645.47
1495.92
1530.81
1227.06
1559.71
762.43
1781.84
1875.99
718.13
805.44
1126.30
1688.38
1876.58
1235.14
2024.16
1375.64
1351.61
1948.92
1262.12
1961.32
911.15
1475.18
1485.74
918.11
1894.90
1298.93
1264.87
1790.53
1356.24
956.95
1834.59
2078.69
1476.30
1705.90
1223.12
1225.03
1392.09
1334.35
1416.88
1992.10
1523.84
1247.24
1205.02
856.86
1758.29
1740.82
1167.63
1566.36
1906.02
2191.23
701.16
1825.79
1585.53
849.32
263.99
1539.32
1391.60
1420.10
1072.19
913.43
1634.35
1816.76
1417.46
1752.86
1696.01
1278.82
1042.89
1502.69
1072.38
1303.02
1416.78
1100.95
1084.39
697.08
1102.52
1765.56
2078.83
1727.40
1952.00
1227.05
1630.14
1627.39
1124.27
1384.56
1899.07
1217.29
1664.37
1672.84
2035.79
1449.13
1473.96
1524.87
1869.77
949.66
848.40
1542.12
1516.75
1037.80
976.56
1358.29
1205.26
1784.64
1425.94
1372.15
1823.20
1616.70
1654.56
210.79
313.87
1862.87
1638.35
928.60
1820.71
812.72
1056.04
660.62
1649.54
1227.92
2069.84
922.41
1570.85
1313.05
641.62
1850.11
1200.92
750.65
1341.14
1757.08
1484.60
1291.41
1912.59
1354.59
626.49
1853.82
2053.91
1473.16
1867.73
1313.15
2209.77
1218.03
1704.21
920.35
1403.17
999.85
1337.21
1523.29
1459.41
1337.43
1307.38
790.46
748.74
1511.08
1274.53
1866.41
1925.33
1495.68
717.43
1330.95
1185.16
876.37
1641.51
866.52
1494.98
1397.23
1428.84
1363.58
1695.53
929.21
934.70
1795.53
1429.70
1825.41
1167.46
957.90
1936.70
1122.71
1328.48
1583.04
1545.46
1223.02
220.36
1881.47
1271.29
1854.59
1313.66
1465.23
1223.79
2038.20
1723.20
1725.73
1493.74
1701.54
761.05
1907.81
1691.90
1433.95
1738.74
1860.59
1586.41
1461.36
1822.44
1754.37
1123.83
1670.64
1418.13
974.19
955.90
1500.14
2036.17
1194.42
674.56
1574.27
777.00
1585.78
1296.02
1114.14
1555.45
1525.25
1455.76
1113.97
1813.98
1216.33
1093.72
1001.00
1526.25
1569.24
1360.38
1097.78
1339.44
893.67
1843.27
1228.92
1643.59
1107.21
2161.08
1840.74
1266.01
1852.76
1227.99
1765.19
1397.27
1314.34
1375.97
1587.62
1343.34
789.94
1540.39
1306.62
916.97
2085.61
1327.81
1825.93
1237.34
1541.85
1086.36
1992.60
1696.44
1980.15
1547.69
1535.72
1757.81
854.02
1619.53
790.00
1473.88
1072.73
1227.10
891.46
1866.94
1786.34
1493.06
1157.55
976.15
1614.77
2127.32
1825.49
541.25
1190.91
1162.10
1545.54
1436.82
1539.58
1651.91
1568.62
319.96
1493.54
1794.21
1320.13
1552.75
1089.75
1838.60
1685.07
1120.17
613.07
2194.92
1150.11
1713.88
1595.65
1495.28
1901.02
1339.62
1715.82
1937.70
405.26
1373.33
367.27
1667.68
865.32
830.69
1771.69
1798.64
907.60
1392.41
1501.45
2007.96
1826.07
293.46
1616.06
1078.90
1933.70
1187.80
2014.80
1735.44
2005.52
1463.65
1675.42
1217.77
1554.12
750.55
1692.78
1473.08
939.37
1202.71
1681.42
1489.05
1783.98
178.96
1702.01
1593.36
1100.09
1141.17
797.66
1275.46
1252.36
1089.67
1322.67
1275.80
1493.02
1524.51
1043.65
1485.20
1393.29
1433.27
1571.71
1420.85
1750.96
1681.55
1293.29
1267.57
878.46
1592.96
827.86
631.12
1342.00
878.19
1896.15
1418.89
1165.08
1731.46
1159.81
1935.06
1329.15
1083.71
1381.36
802.42
1298.13
1330.56
1442.54
1845.71
903.75
1273.84
1299.73
1692.72
518.37
1404.02
1504.36
877.00
1854.64
1899.92
1163.30
1339.56
1305.81
1506.57
1681.14
1387.47
1273.42
818.64
1957.23
1247.48
1831.88
1201.90
841.79
2050.12
1407.30
1695.21
1148.76
1480.83
1719.37
1345.96
1310.71
820.28
1282.89
1384.78
1442.04
1373.17
920.38
1415.43
1026.72
1294.99
1308.22
1645.38
1800.12
1667.45
1161.57
1933.74
939.35
1563.84
1159.97
1642.01
1244.09
1250.83
1570.21
1471.28
1586.74
791.35
1304.04
1922.71
1703.84
1730.32
1412.27
1907.19
1777.05
1943.26
1514.91
1462.40
1459.55
1802.47
1572.78
1227.65
1533.56
1537.72
1351.89
692.18
1205.71
1929.52
1186.00
1608.78
1908.25
1777.35
1504.79
805.82
1488.25
1919.10
345.50
1418.76
1281.01
1620.92
1604.43
1186.65
1433.84
797.82
679.50
1200.97
1666.98
1989.80
1862.42
1692.26
1399.00
1707.66
1735.86
1913.61
840.48
1783.60
478.14
938.71
1072.55
1520.10
1087.57
1595.78
1117.92
1491.08
1496.11
1692.78
1357.67
1359.09
1696.94
1276.70
1537.68
1870.43
1652.46
936.23
1191.93
1667.97
1212.29
1397.99
788.71
942.14
1595.78
1822.51
982.84
761.03
1202.99
1720.20
1482.96
1462.36
1022.93
1793.75
1436.93
1581.77
1677.38
1450.93
1236.09
614.70
1383.26
890.39
989.12
1679.74
2056.18
1290.26
2031.64
924.91
1355.47
1084.04
908.69
1090.64
1320.72
1568.61
1493.34
833.21
1371.55
1875.05
1415.03
1298.39
1688.18
1540.59
1959.64
1252.03
1002.32
1378.10
1759.72
1273.25
1244.06
1562.45
1250.69
519.58
1717.03
1625.56
832.05
1081.42
1280.65
1080.24
1655.35
1458.63
1162.22
1171.45
1697.24
1410.92
1666.40
1843.80
1410.73
1303.03
1642.47
1824.34
1699.86
1926.29
1891.29
1464.04
1711.96
1231.41
1434.17
1238.49
1207.97
1753.00
1362.39
1330.99
1687.37
727.30
1808.72
1237.87
967.42
1235.01
1937.41
1529.60
1511.88
1666.19
1517.59
1595.69
931.55
1239.07
922.28
1307.71
1629.95
1010.19
1426.17
1229.86
1017.72
1228.09
951.99
1742.12
1915.77
975.55
1199.51
723.69
1518.35
565.38
1117.65
923.76
1484.42
1575.97
1860.46
2048.73
1378.58
1930.39
787.00
961.66
1943.12
1651.67
1367.18
1409.40
1679.32
1224.01
1957.18
1591.33
1041.95
1860.12
2164.54
1850.89
1414.85
1508.44
862.91
1552.22
1228.28
1547.81
1262.11
1048.39
587.67
1973.30
1429.16
869.18
1428.39
1648.22
1193.44
1632.56
1858.35
1021.73
876.18
1344.16
1749.83
664.11
667.78
718.51
1781.54
1674.03
1463.52
1885.69
1232.36
1941.97
1467.21
1470.17
1657.84
1968.84
1520.57
1311.77
1422.33
911.84
754.63
1695.22
1498.55
1607.72
1639.18
1092.99
1780.46
1847.06
1664.21
1956.31
1645.76
1646.29
1535.38
2193.91
1822.27
1162.87
740.01
799.16
1765.06
1034.48
1553.72
1702.02
1455.81
963.77
1510.53
1264.03
1524.99
736.74
1173.54
1834.82
805.26
1668.24
1160.96
1514.09
1331.70
1102.72
842.98
1471.43
1428.05
1497.47
1529.43
1222.90
1687.75
1272.63
1535.94
1459.54
1814.59
896.55
1760.23
1753.70
1621.00
631.44
654.82
1881.44
965.38
763.00
1546.65
960.16
1638.34
1714.71
1536.84
1710.33
1656.62
1501.31
1916.40
1721.14
1191.45
1427.26
1467.34
1559.58
1142.30
1117.50
1626.40
1375.41
1251.17
1609.86
1553.15
1230.55
1492.36
1694.28
613.27
699.41
1766.97
1404.50
1397.95
1728.45
1549.08
1232.34
1051.14
1663.26
1417.36
955.93
1888.71
1549.76
1798.50
1451.44
1653.44
1142.40
1443.92
1688.23
1736.45
1998.15
1030.87
550.33
1253.02
1461.95
979.20
746.77
1678.55
1139.68
1923.60
1284.48
1660.98
1951.14
1750.10
914.68
1565.18
1641.70
1094.54
745.46
679.95
1235.01
1846.96
1703.92
611.13
1365.30
1542.90
1686.64
1555.30
1885.90
2093.03
1768.44
1446.33
2050.79
1050.79
1084.34
482.49
1593.53
1302.15
1237.81
1627.12
1575.17
2013.03
1869.91
1612.72
1429.84
1504.45
1412.65
1565.43
1870.77
1922.53
1338.96
777.01
1602.89
1253.80
1141.27
1345.62
1450.35
1894.29
1118.18
1018.37
1347.95
429.94
1558.46
1543.34
1647.29
1458.14
1207.86
1152.16
1351.26
1112.62
645.73
1541.55
888.80
1623.23
939.61
1802.92
898.83
1905.67
1928.17
1745.29
1454.17
1894.72
1342.36
1824.68
507.36
1207.21
2139.57
1109.41
1215.51
1504.33
1507.00
325.05
1392.59
1609.37
1340.24
1951.91
1953.24
404.72
1505.40
384.44
1648.20
1349.36
1638.30
1273.70
1795.23
1975.65
471.13
221.52
1456.02
1201.70
1142.40
1350.56
947.11
1763.04
822.46
1865.40
1618.49
899.34
861.30
1157.59
1736.74
1760.30
878.35
1488.33
1475.58
1153.54
615.32
720.50
1452.76
1355.91
1106.37
1369.03
850.90
1460.05
652.30
1266.36
1543.55
1594.16
1924.32
1638.35
1401.28
892.81
1778.70
748.03
1588.52
1205.93
1572.14
1371.74
1256.17
1506.04
1471.68
1573.55
1440.88
1897.75
1866.41
1727.07
801.03
1778.27
1368.99
1483.87
1930.21
1579.45
1605.37
841.98
1213.34
1326.32
1766.73
1413.28
1839.19
1718.31
886.01
1576.66
1670.25
1772.58
1026.65
995.40
771.93
1522.94
2133.65
1015.12
1813.31
1592.75
1295.71
592.01
1595.61
804.75
1365.26
660.19
1070.64
1153.99
1242.39
1697.62
1862.12
917.37
1711.85
950.48
690.51
1512.32
1122.11
761.86
1530.13
1767.96
1140.51
1535.45
1230.42
1221.64
1409.60
1246.83
1143.04
1197.23
1335.12
439.61
615.51
1629.26
1226.09
1208.52
1010.24
1388.06
1122.21
922.14
1751.59
906.12
1014.22
1455.62
1550.47
1394.75
1131.69
1576.97
1590.64
1612.39
1365.92
1872.05
1410.84
1562.54
1883.39
1056.61
1665.89
1404.19
1738.01
1437.41
1210.43
1674.39
1328.09
1861.47
1918.15
1943.53
1899.78
1621.23
1293.43
1547.51
1626.36
1302.66
1391.79
1142.79
1595.85
2130.79
1791.43
2027.28
1393.44
836.14
1533.42
1703.37
1626.95
1845.26
481.03
1474.70
552.75
1516.74
1835.84
1532.94
1495.96
1005.66
865.25
1590.96
1136.09
1344.19
1293.83
1290.75
2012.06
1456.32
640.01
1194.53
1725.33
1262.03
1368.08
1643.86
1495.52
1096.54
706.50
581.65
1781.94
880.46
1630.37
1907.66
1572.76
1515.50
2002.63
911.59
1386.92
1478.06
1344.09
1317.81
699.34
1836.58
1596.74
1267.04
580.65
1285.87
1456.09
1497.71
1079.99
1911.54
941.60
831.47
1233.46
1298.97
1809.43
1493.89
973.06
1903.50
1956.74
1698.57
1320.41
1061.62
582.84
1657.82
1409.14
1716.29
433.80
1755.14
1728.57
1725.82
1525.37
1854.73
935.46
696.47
1759.88
1684.74
1503.70
1483.54
1018.81
1199.73
1044.46
790.02
1865.98
1041.08
1437.79
1462.20
996.73
1124.43
1466.87
2003.09
1250.07
572.52
1395.52
1144.24
1601.37
1643.39
1274.25
1683.98
1422.32
1317.12
1949.56
1495.60
1002.74
1464.30
2161.98
1184.83
1500.33
1551.14
1135.34
1317.79
1496.59
1053.30
1489.73
886.71
1486.46
975.39
1155.92
1353.56
702.81
1361.73
2027.23
932.10
2038.77
981.71
1246.42
997.43
1650.64
1927.29
1329.46
1535.64
1260.06
956.77
784.08
1835.65
1223.57
1848.57
1653.03
1702.38
1067.82
1328.14
1417.22
1872.92
1197.44
1405.14
1668.60
689.06
1876.54
1815.57
1837.07
1850.15
1713.66
1035.26
1724.05
275.78
1238.64
1151.67
1347.93
739.72
2063.90
1356.85
1356.16
1002.14
1846.25
967.08
147.76
880.89
1055.08
1909.06
2074.29
1809.28
1590.54
1901.64
1150.97
1658.15
1062.91
1304.59
1513.28
886.74
871.73
1710.89
1241.59
708.81
1227.11
1763.75
1521.26
1490.44
1801.95
1199.35
1985.61
1675.47
1264.68
1676.51
1532.06
1110.00
691.29
1129.64
557.76
1648.11
1502.32
1751.60
1576.74
1236.84
1376.03
1340.55
659.75
1776.47
1811.74
1467.85
1940.41
1559.70
1230.45
1940.62
804.41
1174.03
836.00
1712.77
1308.92
975.44
1120.90
1865.89
1717.21
1630.51
1367.32
901.32
1886.10
878.60
1306.16
1499.82
1208.77
1396.67
1396.62
1453.59
1200.12
965.55
2044.59
1560.09
783.57
1788.62
1385.30
1615.47
645.15
1837.85
1432.23
622.12
1114.50
1560.88
150.86
1370.68
1291.37
1204.25
1729.93
1233.12
1316.70
1783.05
2102.63
652.46
1531.07
601.81
1594.74
1502.84
1197.24
2067.92
1702.62
1703.02
1439.90
1524.51
2022.91
1158.55
1809.79
1410.13
1386.01
1218.74
1516.32
353.33
1004.13
1012.32
1130.04
1716.63
706.10
1107.63
1936.44
1402.60
1293.85
350.05
1304.14
1259.71
875.92
1070.03
849.61
1466.76
1653.73
1926.77
1366.75
1748.52
883.49
1627.15
1736.10
1553.74
1563.04
2032.51
1181.20
1548.05
1483.41
1245.79
2171.41
1858.19
1499.39
932.66
1628.10
816.51
1344.84
796.92
1779.35
1489.41
1236.01
1571.53
1530.22
2098.52
1445.42
311.82
1540.63
1761.58
1360.42
1053.19
1395.57
1449.38
1531.29
947.12
1971.24
1619.98
1626.93
1932.14
1938.20
1671.73
1309.30
1604.23
1591.68
1449.75
310.56
1483.74
1856.28
1334.26
1254.15
1792.12
647.30
638.56
719.15
1909.34
1186.44
